Kunci Jawaban - SOAL ITNSA 2024 70 Pilihan Ganda
Sumber topik playlist: https://youtube.com/playlist?list=PLbu33igsurMSA9sSgHm64LRN84NxEYBkD&si=7N2qx6FSLBTjyXHu

01. 2
02. 3
03. 3
04. 1
05. 4
06. 2
07. 5
08. 3
09. 1
10. 4
11. 2
12. 5
13. 1
14. 2
15. 1
16. 4
17. 5
18. 3
19. 2
20. 4
21. 1
22. 5
23. 3
24. 2
25. 4
26. 1
27. 5
28. 2
29. 4
30. 3
31. 1
32. 2
33. 5
34. 3
35. 4
36. 2
37. 1
38. 3
39. 4
40. 5
41. 2
42. 1
43. 4
44. 5
45. 1
46. 1
47. 4
48. 2
49. 1
50. 3
51. 1
52. 4
53. 1
54. 5
55. 3
56. 1
57. 1
58. 2
59. 5
60. 4
61. 3
62. 1
63. 2
64. 5
65. 1
66. 2
67. 2
68. 3
69. 4
70. 4
